0.09143346
0.36533707
0.5800348
60
Drawing 2
Circle
0.64705884
0.16470589
0.16470589
487.7989
271
160
Circle
1
0.27058825
0
334
259
65
Rectangle
1
0.27058825
0
443
395
30
Rectangle
1
0.27058825
0
443
410
30
Rectangle
1
0.27058825
0
550
390
30
Rectangle
1
0.27058825
0
550
409
30
Rectangle
1
0.27058825
0
550
423
30
Rectangle
0.64705884
0.16470589
0.16470589
444
428
30
Rectangle
0.64705884
0.16470589
0.16470589
549
432
30
Rectangle
1
0.27058825
0
442
414
30
Rectangle
1
0.27058825
0
548
420
30
Rectangle
0.64705884
0.16470589
0.16470589
277
204
25
Rectangle
0.64705884
0.16470589
0.16470589
348
207
25
Rectangle
0.64705884
0.16470589
0.16470589
358
199
20
Rectangle
0.64705884
0.16470589
0.16470589
269
195
20
Rectangle
0.64705884
0.16470589
0.16470589
265
188
15
Circle
0.64705884
0.16470589
0.16470589
311
277
20
Circle
0.64705884
0.16470589
0.16470589
328
277
20
Circle
0.64705884
0.16470589
0.16470589
345
277
20
Circle
0.64705884
0.16470589
0.16470589
351
277
20
Circle
0.64705884
0.16470589
0.16470589
327
277
20
Circle
0.64705884
0.16470589
0.16470589
324
272
20
Circle
0.64705884
0.16470589
0.16470589
337
276
20
Circle
0.64705884
0.16470589
0.16470589
327
282
20
Circle
0.64705884
0.16470589
0.16470589
338
286
20
Circle
1
0.64705884
0
314
279
10
Circle
1
0.64705884
0
347
279
10
Circle
0
0
0
313
231
10
Circle
0
0
0
345
233
10
Line
0.64705884
0.16470589
0.16470589
654
250
10
692
229
Circle
1
0.64705884
0
444
187
30
Circle
1
0.64705884
0
536
194
30
Circle
1
0.64705884
0
607
200
30
Circle
1
0.64705884
0
564
197
30
Circle
1
0.64705884
0
568
219
30
Circle
1
0.64705884
0
593
220
30
Circle
1
0.64705884
0
577
185
30
Circle
1
0.64705884
0
612
317
30
Circle
1
0.64705884
0
590
302
30
Circle
1
0.64705884
0
578
294
30
Circle
1
0.64705884
0
561
294
30
Circle
1
0.64705884
0
562
316
30
Circle
1
0.64705884
0
582
319
30
Circle
1
0.64705884
0
607
284
30
Circle
1
0.64705884
0
540
313
30
Circle
1
0.64705884
0
528
276
30
Circle
1
0.64705884
0
443
315
30
Circle
1
0.64705884
0
465
331
30
Circle
1
0.64705884
0
475
338
30
Circle
1
0.64705884
0
468
353
30
Circle
1
0.64705884
0
446
350
30
Circle
1
0.64705884
0
422
339
30
Circle
1
0.64705884
0
410
330
30
Circle
1
0.64705884
0
416
202
30
Circle
1
0.64705884
0
429
179
30
Circle
1
0.64705884
0
466
161
30
Line
1
0.84313726
0
689
227
10
705
209
Line
1
0.84313726
0
689
222
10
713
225
Line
1
0.84313726
0
687
228
10
703
237
Line
1
0.84313726
0
691
228
10
707
243
