0.7408368
0.7151402
0.34037295
44
Drawing 5
Line
0
0
0
512.0062
288.59845
15
690.0062
432.59845
Rectangle
0.64705884
0.16470589
0.16470589
714
190
55
Rectangle
0.64705884
0.16470589
0.16470589
600
168
55
Rectangle
0.64705884
0.16470589
0.16470589
538
222
55
Rectangle
0.64705884
0.16470589
0.16470589
600
273
55
Rectangle
0.64705884
0.16470589
0.16470589
602
253
55
Rectangle
0.64705884
0.16470589
0.16470589
668
205
40
Rectangle
0.64705884
0.16470589
0.16470589
679
317
40
Rectangle
0.64705884
0.16470589
0.16470589
690
330
40
Rectangle
0.64705884
0.16470589
0.16470589
682
267
40
Line
0
0
0
916
181
50
916
451
Circle
0
0
0
758
366
50
Circle
0
0
0
649
366
50
Rectangle
0
0
0
676
338
50
Rectangle
0
0
0
554
418
50
Line
0
0
0
772
444
50
773
170
Circle
1
1
1
648
363
30
Circle
1
1
1
760
364
30
Circle
0
0
0
647
365
15
Circle
0
0
0
760
363
15
Rectangle
0
0.49803922
0.49803922
384
267
50
Rectangle
0
0.49803922
0.49803922
362
326
50
Rectangle
0
0.49803922
0.49803922
334
321
50
Rectangle
0
0.49803922
0.49803922
433
318
50
Rectangle
0
0.49803922
0.49803922
490
318
50
Rectangle
0
0.49803922
0.49803922
493
318
50
Rectangle
0
0.49803922
0.49803922
475
318
50
Rectangle
0
0.49803922
0.49803922
475
318
50
Rectangle
0
0.49803922
0.49803922
475
298
50
Rectangle
0
0.49803922
0.49803922
475
270
50
Rectangle
0
0.49803922
0.49803922
475
187
50
Rectangle
0
0.49803922
0.49803922
475
198
50
Rectangle
0
0.49803922
0.49803922
475
252
50
Rectangle
0
0.49803922
0.49803922
475
277
50
Rectangle
0
0.49803922
0.49803922
475
277
50
Circle
0
0
0
539
333
50
Circle
0
0
0
274
257
50
Circle
0
0
0
347
221
50
Rectangle
0
0
0
156
235
50
Circle
0
0
0
215
177
50
Line
0
0
0
343
138
50
277
356
Circle
0
0
0
522
134
50
Circle
0
0
0
756
99
50
Circle
0
0
0
129
60
50
