0.10855434
0.36973175
0.40885648
99
Drawing 1
Circle
0
0.49803922
0
886
377
125
Circle
0
0.49803922
0
827
378
125
Circle
0
0.49803922
0
804
378
125
Circle
0
0.49803922
0
749
378
125
Circle
0
0.49803922
0
728
378
125
Circle
0
0.49803922
0
686
422
125
Circle
0
0.49803922
0
746
426
125
Circle
0
0.49803922
0
763
439
125
Circle
0
0.49803922
0
842
448
125
Circle
0
0.49803922
0
876
452
125
Circle
0
0.49803922
0
886
451
125
Circle
0
0.49803922
0
907
470
125
Circle
0
0.49803922
0
926
482
125
Circle
0
0.49803922
0
937
485
125
Circle
0
0.49803922
0
643
503
125
Circle
0
0.49803922
0
601
505
125
Circle
0
0.49803922
0
599
506
125
Circle
0.19607843
0.8039216
0.19607843
671
489
125
Circle
0.19607843
0.8039216
0.19607843
595
507
125
Circle
0.19607843
0.8039216
0.19607843
509
509
125
Circle
0.19607843
0.8039216
0.19607843
456
512
125
Circle
0.19607843
0.8039216
0.19607843
357
515
125
Circle
0.19607843
0.8039216
0.19607843
297
516
125
Circle
0.19607843
0.8039216
0.19607843
230
517
125
Circle
0.19607843
0.8039216
0.19607843
187
518
125
Circle
0.19607843
0.8039216
0.19607843
105
521.60046
125
Circle
0.19607843
0.8039216
0.19607843
27
502
125
Circle
0.19607843
0.8039216
0.19607843
29
449.60046
125
Circle
0.19607843
0.8039216
0.19607843
32
430.60046
125
Circle
0.19607843
0.8039216
0.19607843
52
421.60046
125
Circle
0.19607843
0.8039216
0.19607843
74
416.60046
125
Circle
0.19607843
0.8039216
0.19607843
124
415.60046
125
Circle
0.19607843
0.8039216
0.19607843
173
413.60046
125
Circle
0.19607843
0.8039216
0.19607843
186
375.60046
125
Circle
0.19607843
0.8039216
0.19607843
272
420
125
Circle
0.19607843
0.8039216
0.19607843
303
426
125
Circle
0.19607843
0.8039216
0.19607843
341
432
125
Circle
0.19607843
0.8039216
0.19607843
464
458
125
Circle
0.19607843
0.8039216
0.19607843
518
455
125
Circle
0.19607843
0.8039216
0.19607843
545
447
125
Circle
0.19607843
0.8039216
0.19607843
564
443
125
Circle
0.19607843
0.8039216
0.19607843
391
437
125
Circle
0.19607843
0.8039216
0.19607843
575
445
125
Circle
0.19607843
0.8039216
0.19607843
317
417
125
Circle
0.19607843
0.8039216
0.19607843
355
417
125
Circle
0.19607843
0.8039216
0.19607843
383
417
125
Circle
0.19607843
0.8039216
0.19607843
439
417
125
Circle
0.19607843
0.8039216
0.19607843
453
417
125
Circle
0.19607843
0.8039216
0.19607843
472
417
125
Circle
0.19607843
0.8039216
0.19607843
492
417
125
Circle
0.19607843
0.8039216
0.19607843
516
417
125
Circle
0.19607843
0.8039216
0.19607843
518
417
125
Circle
0.19607843
0.8039216
0.19607843
529
417
125
Circle
0.19607843
0.8039216
0.19607843
544
417
125
Circle
0.19607843
0.8039216
0.19607843
563
439
125
Circle
0.19607843
0.8039216
0.19607843
576
436
125
Circle
0.19607843
0.8039216
0.19607843
594
440
125
Circle
0.19607843
0.8039216
0.19607843
608
453
125
Circle
0.19607843
0.8039216
0.19607843
567
426
125
Circle
0.19607843
0.8039216
0.19607843
595
432
125
Circle
0.19607843
0.8039216
0.19607843
614
444
125
Circle
0.19607843
0.8039216
0.19607843
626
450
125
Circle
0.19607843
0.8039216
0.19607843
636
463
125
Circle
0.19607843
0.8039216
0.19607843
682
487
125
Circle
0.19607843
0.8039216
0.19607843
658
466
125
Circle
1
1
0
63
49
80
Line
1
1
0
34
144
20
27
186
Line
1
1
0
98
136
20
113
171
Line
1
1
0
154
94
20
192
112
Line
1
1
0
165
39
20
198
28
Rectangle
0.64705884
0.16470589
0.16470589
109
406
85
Line
1
0.27058825
0
92
432.60046
30
160
383.60046
Line
1
0.27058825
0
145
379.60046
30
202
431.60046
Rectangle
1
0.27058825
0
135
460
30
Rectangle
1
0.27058825
0
135
451
30
Circle
1
1
1
561
114
30
Circle
1
1
1
584
102
30
Circle
1
1
1
600
112
30
Circle
1
1
1
592
121
30
Circle
1
1
1
613
114
30
Circle
1
1
1
633
116
30
Circle
1
1
1
343
96
30
Circle
1
1
1
359
87
30
Circle
1
1
1
377
92
30
Circle
1
1
1
406
96
30
Circle
1
1
1
366
107
30
Circle
1
1
1
341
109
30
Circle
1
1
1
307
103
30
Circle
1
1
1
816
126
30
Circle
1
1
1
835
115
30
Circle
1
1
1
853
127
30
Circle
1
1
1
871
130
30
Circle
1
1
1
822
140
30
Circle
1
1
1
771
131
30
Circle
1
1
1
779
134
30
Circle
1
1
1
792
136
30
Circle
1
1
1
791
129
30
Rectangle
1
1
0
318.0005
212
75
Line
1
1
0
606
227
75
141
223
